TOTAL_START=Thu Feb 23 21:37:03 2017
PREPROCESSING_START=0
PREPROCESSING_DONE=0
SEARCH_START=Thu Feb 23 21:37:03 2017
SEARCH_DONE=Thu Feb 23 21:37:05 2017
SOLUTION_TIME=1.3309369
STATUS=success
SOLUTION=(6,9,3,8,7,5,4,1,2,1,4,5,6,3,2,7,9,8,7,8,2,1,9,4,3,5,6,3,5,7,4,2,1,8,6,9,8,1,6,9,5,7,2,3,4,4,2,9,3,6,8,1,7,5,2,7,4,5,1,9,6,8,3,9,6,8,7,4,3,5,2,1,5,3,1,2,8,6,9,4,7)
COUNT_NODES=32
COUNT_DEADENDS=25
N:9	p:3	q:3
6 9 3 | 8 7 5 | 4 1 2 
1 4 5 | 6 3 2 | 7 9 8 
7 8 2 | 1 9 4 | 3 5 6 
- - - - - - - - - - - 
3 5 7 | 4 2 1 | 8 6 9 
8 1 6 | 9 5 7 | 2 3 4 
4 2 9 | 3 6 8 | 1 7 5 
- - - - - - - - - - - 
2 7 4 | 5 1 9 | 6 8 3 
9 6 8 | 7 4 3 | 5 2 1 
5 3 1 | 2 8 6 | 9 4 7 
