16 4 4
0 0 0 9 0 2 0 0 0 0 A 0 B 4 0 0
0 0 F 8 6 4 0 0 D 2 0 B 0 0 0 0
C 0 0 A 9 0 0 B 0 G 0 E 0 2 3 0
0 6 0 0 0 0 5 7 0 0 3 9 0 0 0 D
G 0 0 4 0 0 0 0 0 B 9 7 0 A 0 0
0 A 0 0 0 0 0 E G 0 0 3 0 0 0 C
5 C 0 B 0 7 0 G 6 1 0 0 4 0 0 0
0 0 0 D 1 0 0 5 F 4 0 0 0 7 0 B
B 0 3 0 0 0 2 A 9 0 0 6 E 0 0 0
0 0 0 5 0 0 6 1 B 0 F 0 A 0 C 2
A 0 0 0 8 0 0 4 7 0 0 0 0 0 6 0
0 0 C 0 E D B 0 0 0 0 0 7 0 0 9
F 0 0 0 C A 0 0 1 D 0 0 0 0 B 0
0 7 4 0 5 0 8 0 3 0 0 G C 0 0 F
0 0 0 0 F 0 D 6 0 0 8 C 5 E 0 0
0 0 6 C 0 G 0 0 0 0 7 0 D 0 0 0