16 4 4
A 2 8 0 0 0 0 G 0 0 F 0 E 0 0 0
7 0 C 0 0 3 1 0 0 0 0 G 0 0 0 0
9 0 4 3 0 0 0 8 0 0 E D 0 0 0 0
F 0 0 0 0 0 0 4 3 7 A 2 0 0 8 5
3 0 1 F 0 A 0 D 0 6 2 0 0 5 0 E
G 0 0 0 0 E 0 1 0 C 3 0 0 F D 0
D 0 0 8 9 0 0 0 A 0 0 4 0 2 G 0
E 0 0 0 0 0 0 2 1 D 8 F 0 C 9 0
0 7 D 0 B C 2 9 E 0 0 0 0 0 0 3
0 3 B 0 E 0 0 F 0 0 0 5 8 0 0 G
0 F A 0 0 G 8 0 4 0 7 0 0 0 0 C
1 0 6 0 0 4 A 0 8 0 B 0 9 7 0 2
6 E 0 0 G 5 9 C 2 0 0 0 0 0 0 A
0 0 0 0 2 6 0 0 5 0 0 0 1 G 3 9
0 0 0 0 3 0 0 0 0 B G 0 0 4 0 D
0 0 0 2 0 8 0 0 9 0 0 0 0 E 5 7