16 4 4
0 9 0 0 E 0 2 8 0 5 0 0 6 0 0 0
0 0 3 C 9 G 0 0 7 A 0 0 0 0 8 E
0 D 0 0 C 0 0 0 1 0 0 0 A 3 0 0
0 0 E 0 4 3 0 0 0 0 0 0 F 5 D 0
0 0 0 D 0 6 F 0 0 0 0 1 G 0 E 0
0 4 G 0 0 2 9 3 0 6 B 0 0 0 F A
0 8 B 0 5 0 0 0 2 E 0 0 0 0 0 0
0 0 0 3 A 0 0 0 0 4 D 0 0 9 0 0
0 0 7 0 0 4 8 0 0 0 0 B 2 0 0 0
0 0 0 0 0 0 B E 0 0 0 9 0 C 7 0
6 1 0 0 0 A D 0 4 C 2 0 0 G 3 0
0 G 0 A 1 0 0 0 0 7 3 0 5 0 0 0
0 C 5 6 0 0 0 0 0 0 7 4 0 B 0 0
0 0 8 2 0 0 0 D 0 0 0 5 0 0 C 0
G E 0 0 0 0 3 1 0 0 F C 4 6 0 0
0 0 0 F 0 0 C 0 9 3 0 8 0 0 5 0